{
    "view_1_om1.png": {
        "translation": [
            -0.08492206037044525,
            0.07051660865545273,
            0.35199999809265137
        ],
        "Rotation": [
            [
                -0.22638584673404694,
                0.536728024482727,
                0.8128176331520081
            ],
            [
                -0.14400814473628998,
                -0.843755304813385,
                0.5170480012893677
            ],
            [
                0.9633333683013916,
                0.0,
                0.26830747723579407
            ]
        ]
    },
    "view_1_om2.png": {
        "translation": [
            0.06095442920923233,
            0.06605455279350281,
            0.3548647165298462
        ],
        "Rotation": [
            [
                0.07559296488761902,
                -0.2483547329902649,
                0.9657150506973267
            ],
            [
                0.2812020480632782,
                -0.923867404460907,
                -0.259604275226593
            ],
            [
                0.9566666483879089,
                0.29118531942367554,
                -1.272811456232148e-08
            ]
        ]
    },
    "view_1_om3.png": {
        "translation": [
            0.06573846936225891,
            -0.13008122146129608,
            0.3610000014305115
        ],
        "Rotation": [
            [
                0.3237262964248657,
                -0.3815563917160034,
                -0.8658037185668945
            ],
            [
                0.13362950086593628,
                0.9243456125259399,
                -0.3573911488056183
            ],
            [
                0.9366666674613953,
                0.0,
                0.3502221703529358
            ]
        ]
    },
    "view_1_om4.png": {
        "translation": [
            -0.15247297286987305,
            0.028859060257673264,
            0.3139025568962097
        ],
        "Rotation": [
            [
                0.7432032227516174,
                -0.41032660007476807,
                0.5284704566001892
            ],
            [
                0.46264228224754333,
                -0.25542742013931274,
                -0.8489516973495483
            ],
            [
                0.4833333194255829,
                0.8754364252090454,
                -3.826654193517243e-08
            ]
        ]
    },
    "view_1_om5.png": {
        "translation": [
            -0.08067549765110016,
            -0.1719406247138977,
            0.3619999885559082
        ],
        "Rotation": [
            [
                0.3237262964248657,
                -0.3815563917160034,
                -0.8658037185668945
            ],
            [
                0.13362950086593628,
                0.9243456125259399,
                -0.3573911488056183
            ],
            [
                0.9366666674613953,
                0.0,
                0.3502221703529358
            ]
        ]
    },
    "view_2_om1.png": {
        "translation": [
            -0.12793438136577606,
            0.11685923486948013,
            0.31192323565483093
        ],
        "Rotation": [
            [
                0.34578391909599304,
                -0.7931103110313416,
                -0.5014075636863708
            ],
            [
                -0.2003888636827469,
                0.45962363481521606,
                -0.8652112483978271
            ],
            [
                0.9166666865348816,
                0.3996526300907135,
                -1.7469371726974714e-08
            ]
        ]
    },
    "view_2_om2.png": {
        "translation": [
            0.0502767376601696,
            0.055288124829530716,
            0.3527020812034607
        ],
        "Rotation": [
            [
                -0.02790042944252491,
                0.02344518154859543,
                0.9993356466293335
            ],
            [
                0.7650776505470276,
                -0.6429058909416199,
                0.03644325211644173
            ],
            [
                0.6433333158493042,
                0.7655861377716064,
                -3.346483268273914e-08
            ]
        ]
    },
    "view_2_om3.png": {
        "translation": [
            0.03511625900864601,
            -0.05780700966715813,
            0.414000004529953
        ],
        "Rotation": [
            [
                0.5844549536705017,
                -0.25489017367362976,
                -0.7703527808189392
            ],
            [
                0.1540604531764984,
                0.9669699668884277,
                -0.203062504529953
            ],
            [
                0.79666668176651,
                0.0,
                0.6044188737869263
            ]
        ]
    },
    "view_2_om4.png": {
        "translation": [
            -0.13695961236953735,
            0.017837312072515488,
            0.3112104833126068
        ],
        "Rotation": [
            [
                0.07559296488761902,
                -0.858476996421814,
                0.5072503685951233
            ],
            [
                0.2812020480632782,
                -0.4697049856185913,
                -0.8368408679962158
            ],
            [
                0.9566666483879089,
                0.20589913427829742,
                0.20589910447597504
            ]
        ]
    },
    "view_2_om5.png": {
        "translation": [
            -0.12444455921649933,
            -0.10599084198474884,
            0.4364350140094757
        ],
        "Rotation": [
            [
                0.9810783267021179,
                -0.00981128215789795,
                -0.19336247444152832
            ],
            [
                -0.1933528035879135,
                0.0019335818942636251,
                -0.9811273813247681
            ],
            [
                0.009999999776482582,
                0.9999499917030334,
                -4.3709203367825467e-08
            ]
        ]
    },
    "view_3_om1.png": {
        "translation": [
            0.03657790273427963,
            0.0787065401673317,
            0.3306393027305603
        ],
        "Rotation": [
            [
                0.6660667061805725,
                -0.7401613593101501,
                -0.09228425472974777
            ],
            [
                -0.06173091381788254,
                0.0685979425907135,
                -0.9957327246665955
            ],
            [
                0.7433333396911621,
                0.6689212322235107,
                -2.9239474841347146e-08
            ]
        ]
    },
    "view_3_om2.png": {
        "translation": null,
        "Rotation": null
    },
    "view_3_om3.png": {
        "translation": [
            0.16188618540763855,
            0.04444047436118126,
            0.3893648684024811
        ],
        "Rotation": [
            [
                0.5213438868522644,
                -0.2983314096927643,
                -0.7994991540908813
            ],
            [
                -0.6939184069633484,
                0.3970845639705658,
                -0.6006671786308289
            ],
            [
                0.49666666984558105,
                0.8679413199424744,
                -3.793892133785448e-08
            ]
        ]
    },
    "view_3_om4.png": {
        "translation": null,
        "Rotation": null
    },
    "view_3_om5.png": {
        "translation": [
            0.02490122616291046,
            -0.159941166639328,
            0.3440000116825104
        ],
        "Rotation": [
            [
                -0.01589503511786461,
                0.9961710572242737,
                0.08596863597631454
            ],
            [
                -0.18111571669578552,
                -0.08742573112249374,
                0.9795682430267334
            ],
            [
                0.9833333492279053,
                0.0,
                0.1818118691444397
            ]
        ]
    },
    "view_4_om1.png": {
        "translation": [
            -0.03489300608634949,
            0.045367754995822906,
            0.3810049891471863
        ],
        "Rotation": [
            [
                0.8561459183692932,
                -0.5166420936584473,
                -0.009756416082382202
            ],
            [
                -0.008353332988917828,
                0.00504078296944499,
                -0.9999523758888245
            ],
            [
                0.5166667103767395,
                0.8561866283416748,
                -3.742510656934428e-08
            ]
        ]
    },
    "view_4_om2.png": {
        "translation": [
            0.1340363472700119,
            0.10150527209043503,
            0.42756977677345276
        ],
        "Rotation": [
            [
                -0.24710696935653687,
                0.24449047446250916,
                -0.93763667345047
            ],
            [
                -0.6665286421775818,
                0.6594711542129517,
                0.3476167917251587
            ],
            [
                0.7033333778381348,
                0.7108601927757263,
                -3.107268753410608e-08
            ]
        ]
    },
    "view_4_om3.png": {
        "translation": [
            0.17012560367584229,
            -0.1303003430366516,
            0.40400001406669617
        ],
        "Rotation": [
            [
                0.23938868939876556,
                0.1741819530725479,
                -0.9551721215248108
            ],
            [
                -0.04234448820352554,
                0.9847134947776794,
                0.16895650327205658
            ],
            [
                0.9700000286102295,
                0.0,
                0.24310491979122162
            ]
        ]
    },
    "view_4_om4.png": {
        "translation": [
            -0.13931700587272644,
            0.005724536255002022,
            0.35133159160614014
        ],
        "Rotation": [
            [
                0.8564125299453735,
                -0.3130650222301483,
                0.4105457365512848
            ],
            [
                0.38559016585350037,
                -0.14095407724380493,
                -0.9118399620056152
            ],
            [
                0.34333333373069763,
                0.9392135739326477,
                -4.105432793721775e-08
            ]
        ]
    },
    "view_4_om5.png": {
        "translation": [
            -0.016202323138713837,
            -0.17687323689460754,
            0.3834698796272278
        ],
        "Rotation": [
            [
                0.1040186807513237,
                -0.7299951910972595,
                0.6754903793334961
            ],
            [
                0.09528963267803192,
                -0.6687355041503906,
                -0.7373688817024231
            ],
            [
                0.9900000095367432,
                0.14106737077236176,
                -6.166250621220115e-09
            ]
        ]
    },
    "view_5_om1.png": {
        "translation": [
            -0.046593524515628815,
            0.09486689418554306,
            0.45825719833374023
        ],
        "Rotation": [
            [
                0.34578391909599304,
                -0.7931103110313416,
                -0.5014075636863708
            ],
            [
                -0.2003888636827469,
                0.45962363481521606,
                -0.8652112483978271
            ],
            [
                0.9166666865348816,
                0.3996526300907135,
                -1.7469371726974714e-08
            ]
        ]
    },
    "view_5_om2.png": {
        "translation": [
            0.140657439827919,
            0.04767899960279465,
            0.291643887758255
        ],
        "Rotation": [
            [
                0.1040186807513237,
                -0.7299951910972595,
                0.6754903793334961
            ],
            [
                0.09528963267803192,
                -0.6687355041503906,
                -0.7373688817024231
            ],
            [
                0.9900000095367432,
                0.14106737077236176,
                -6.166250621220115e-09
            ]
        ]
    },
    "view_5_om3.png": {
        "translation": [
            0.11705588549375534,
            -0.13020284473896027,
            0.382999986410141
        ],
        "Rotation": [
            [
                0.7483912706375122,
                -0.12367133796215057,
                -0.6516256332397461
            ],
            [
                0.09327056258916855,
                0.9923232793807983,
                -0.08121085166931152
            ],
            [
                0.6566666960716248,
                0.0,
                0.7541809678077698
            ]
        ]
    },
    "view_5_om4.png": {
        "translation": [
            -0.11704052984714508,
            -0.022983375936746597,
            0.5068596601486206
        ],
        "Rotation": [
            [
                0.6265186071395874,
                -0.6316772699356079,
                0.4565723240375519
            ],
            [
                0.32151898741722107,
                -0.32416635751724243,
                -0.8896862864494324
            ],
            [
                0.7099999785423279,
                0.7042016983032227,
                -3.078163501868403e-08
            ]
        ]
    },
    "view_5_om5.png": {
        "translation": [
            -0.021958094090223312,
            -0.17755693197250366,
            0.4537471532821655
        ],
        "Rotation": [
            [
                0.777180552482605,
                -0.6259716749191284,
                -0.06441961228847504
            ],
            [
                -0.1788274347782135,
                -0.12154784798622131,
                -0.9763436317443848
            ],
            [
                0.6033333539962769,
                0.7703152894973755,
                -0.20640553534030914
            ]
        ]
    }
}