{
 "cells": [
  {
   "cell_type": "code",
   "execution_count": 4,
   "metadata": {},
   "outputs": [
    {
     "ename": "ModuleNotFoundError",
     "evalue": "No module named 'FR3Py'",
     "output_type": "error",
     "traceback": [
      "\u001b[0;31m---------------------------------------------------------------------------\u001b[0m",
      "\u001b[0;31mModuleNotFoundError\u001b[0m                       Traceback (most recent call last)",
      "Cell \u001b[0;32mIn[4], line 2\u001b[0m\n\u001b[1;32m      1\u001b[0m \u001b[38;5;28;01mimport\u001b[39;00m \u001b[38;5;21;01msys\u001b[39;00m\n\u001b[0;32m----> 2\u001b[0m \u001b[38;5;28;01mfrom\u001b[39;00m \u001b[38;5;21;01mFR3Py\u001b[39;00m\u001b[38;5;21;01m.\u001b[39;00m\u001b[38;5;21;01mrobot\u001b[39;00m\u001b[38;5;21;01m.\u001b[39;00m\u001b[38;5;21;01minterface\u001b[39;00m \u001b[38;5;28;01mimport\u001b[39;00m FR3Real\n\u001b[1;32m      3\u001b[0m \u001b[38;5;28;01mfrom\u001b[39;00m \u001b[38;5;21;01mFR3Py\u001b[39;00m\u001b[38;5;21;01m.\u001b[39;00m\u001b[38;5;21;01mrobot\u001b[39;00m\u001b[38;5;21;01m.\u001b[39;00m\u001b[38;5;21;01mmodel\u001b[39;00m \u001b[38;5;28;01mimport\u001b[39;00m PinocchioModel\n\u001b[1;32m      4\u001b[0m \u001b[38;5;28;01mimport\u001b[39;00m \u001b[38;5;21;01mtime\u001b[39;00m\n",
      "\u001b[0;31mModuleNotFoundError\u001b[0m: No module named 'FR3Py'"
     ]
    }
   ],
   "source": [
    "from FR3Py.robot.interface import FR3Real\n",
    "from FR3Py.robot.model import PinocchioModel\n",
    "import time\n",
    "\n",
    "\n",
    "robot = FR3Real(robot_id='fr3')\n",
    "model = PinocchioModel()"
   ]
  },
  {
   "cell_type": "code",
   "execution_count": 9,
   "metadata": {},
   "outputs": [
    {
     "name": "stdout",
     "output_type": "stream",
     "text": [
      "[-5.65308218e-05 -7.84914577e-01  3.01548798e-04 -2.35630246e+00\n",
      "  4.96028643e-04  1.57022285e+00  7.85174739e-01]\n",
      "{'q': array([-5.65308218e-05, -7.84914577e-01,  3.01548798e-04, -2.35630246e+00,\n",
      "        4.96028643e-04,  1.57022285e+00,  7.85174739e-01,  0.00000000e+00,\n",
      "        0.00000000e+00]), 'dq': array([-7.29537355e-05,  4.05682266e-04, -1.33279084e-03, -5.79055131e-04,\n",
      "        8.31510444e-04, -4.82848536e-04, -1.23741201e-03,  0.00000000e+00,\n",
      "        0.00000000e+00]), 'f(x)': array([[-7.29537355e-05],\n",
      "       [ 4.05682266e-04],\n",
      "       [-1.33279084e-03],\n",
      "       [-5.79055131e-04],\n",
      "       [ 8.31510444e-04],\n",
      "       [-4.82848536e-04],\n",
      "       [-1.23741201e-03],\n",
      "       [ 0.00000000e+00],\n",
      "       [ 0.00000000e+00],\n",
      "       [-9.53056574e-01],\n",
      "       [-1.34343543e+01],\n",
      "       [ 1.84634199e-01],\n",
      "       [-3.80238333e+01],\n",
      "       [ 2.28087134e+00],\n",
      "       [ 3.81918454e+01],\n",
      "       [ 1.42246949e+00],\n",
      "       [ 1.46400703e-01],\n",
      "       [-1.46400703e-01]]), 'g(x)': array([[ 0.00000000e+00,  0.00000000e+00,  0.00000000e+00,\n",
      "         0.00000000e+00,  0.00000000e+00,  0.00000000e+00,\n",
      "         0.00000000e+00,  0.00000000e+00,  0.00000000e+00],\n",
      "       [ 0.00000000e+00,  0.00000000e+00,  0.00000000e+00,\n",
      "         0.00000000e+00,  0.00000000e+00,  0.00000000e+00,\n",
      "         0.00000000e+00,  0.00000000e+00,  0.00000000e+00],\n",
      "       [ 0.00000000e+00,  0.00000000e+00,  0.00000000e+00,\n",
      "         0.00000000e+00,  0.00000000e+00,  0.00000000e+00,\n",
      "         0.00000000e+00,  0.00000000e+00,  0.00000000e+00],\n",
      "       [ 0.00000000e+00,  0.00000000e+00,  0.00000000e+00,\n",
      "         0.00000000e+00,  0.00000000e+00,  0.00000000e+00,\n",
      "         0.00000000e+00,  0.00000000e+00,  0.00000000e+00],\n",
      "       [ 0.00000000e+00,  0.00000000e+00,  0.00000000e+00,\n",
      "         0.00000000e+00,  0.00000000e+00,  0.00000000e+00,\n",
      "         0.00000000e+00,  0.00000000e+00,  0.00000000e+00],\n",
      "       [ 0.00000000e+00,  0.00000000e+00,  0.00000000e+00,\n",
      "         0.00000000e+00,  0.00000000e+00,  0.00000000e+00,\n",
      "         0.00000000e+00,  0.00000000e+00,  0.00000000e+00],\n",
      "       [ 0.00000000e+00,  0.00000000e+00,  0.00000000e+00,\n",
      "         0.00000000e+00,  0.00000000e+00,  0.00000000e+00,\n",
      "         0.00000000e+00,  0.00000000e+00,  0.00000000e+00],\n",
      "       [ 0.00000000e+00,  0.00000000e+00,  0.00000000e+00,\n",
      "         0.00000000e+00,  0.00000000e+00,  0.00000000e+00,\n",
      "         0.00000000e+00,  0.00000000e+00,  0.00000000e+00],\n",
      "       [ 0.00000000e+00,  0.00000000e+00,  0.00000000e+00,\n",
      "         0.00000000e+00,  0.00000000e+00,  0.00000000e+00,\n",
      "         0.00000000e+00,  0.00000000e+00,  0.00000000e+00],\n",
      "       [ 3.75583733e+00,  5.12698859e-02, -1.69180841e+00,\n",
      "         1.02883624e-01, -2.82279633e+00, -1.82873341e-01,\n",
      "         2.60261867e+00,  8.07844701e-02, -8.07844701e-02],\n",
      "       [ 5.12698859e-02,  1.03316655e+00,  2.27632070e-02,\n",
      "         9.60786219e-01, -2.78161180e-01, -1.49274631e+00,\n",
      "        -1.44974158e-01, -2.20674556e-02,  2.20674556e-02],\n",
      "       [-1.69180841e+00,  2.27632070e-02,  1.84794907e+00,\n",
      "         5.99137740e-02,  3.44656875e-02, -1.02887821e-01,\n",
      "        -3.40378912e-01,  1.47151621e-01, -1.47151621e-01],\n",
      "       [ 1.02883624e-01,  9.60786219e-01,  5.99137740e-02,\n",
      "         2.46694948e+00, -1.16352433e+00, -5.13209184e+00,\n",
      "        -5.94591590e-01, -1.38959051e-01,  1.38959051e-01],\n",
      "       [-2.82279633e+00, -2.78161180e-01,  3.44656875e-02,\n",
      "        -1.16352433e+00,  2.74604733e+01,  2.12384541e+00,\n",
      "        -3.38380175e+00,  3.68911957e+00, -3.68911957e+00],\n",
      "       [-1.82873341e-01, -1.49274631e+00, -1.02887821e-01,\n",
      "        -5.13209184e+00,  2.12384541e+00,  2.96283403e+01,\n",
      "         5.71619854e+00,  2.56546808e-01, -2.56546808e-01],\n",
      "       [ 2.60261867e+00, -1.44974158e-01, -3.40378912e-01,\n",
      "        -5.94591590e-01, -3.38380175e+00,  5.71619854e+00,\n",
      "         1.53290550e+02,  1.16851193e-01, -1.16851193e-01],\n",
      "       [ 8.07844701e-02, -2.20674556e-02,  1.47151621e-01,\n",
      "        -1.38959051e-01,  3.68911957e+00,  2.56546808e-01,\n",
      "         1.16851193e-01,  6.73543941e+01, -6.87727439e-01],\n",
      "       [-8.07844701e-02,  2.20674556e-02, -1.47151621e-01,\n",
      "         1.38959051e-01, -3.68911957e+00, -2.56546808e-01,\n",
      "        -1.16851193e-01, -6.87727439e-01,  6.73543941e+01]]), 'M(q)': array([[ 5.30203887e-01, -2.28360900e-02,  4.84193714e-01,\n",
      "         1.70676627e-03,  5.40087917e-02,  1.61977895e-03,\n",
      "        -6.80298407e-03, -4.60324266e-03,  4.60324266e-03],\n",
      "       [-2.28360900e-02,  1.55325410e+00, -1.94794033e-02,\n",
      "        -6.96219496e-01, -1.28165103e-02, -4.17036818e-02,\n",
      "         3.85125445e-04,  2.60390368e-06, -2.60390368e-06],\n",
      "       [ 4.84193714e-01, -1.94794033e-02,  9.84176404e-01,\n",
      "        -1.43505580e-02,  4.85095942e-02,  5.28972270e-04,\n",
      "        -5.05027287e-03, -5.36235125e-03,  5.36235125e-03],\n",
      "       [ 1.70676627e-03, -6.96219496e-01, -1.43505580e-02,\n",
      "         9.56026076e-01,  2.35080295e-02,  1.29048741e-01,\n",
      "        -1.30429710e-03, -3.23408701e-06,  3.23408701e-06],\n",
      "       [ 5.40087917e-02, -1.28165103e-02,  4.85095942e-02,\n",
      "         2.35080295e-02,  4.34012294e-02,  8.21111925e-04,\n",
      "         2.01020068e-04, -2.48175652e-03,  2.48175652e-03],\n",
      "       [ 1.61977895e-03, -4.17036818e-02,  5.28972270e-04,\n",
      "         1.29048741e-01,  8.21111925e-04,  5.42595440e-02,\n",
      "        -1.57041809e-03,  5.54314929e-07, -5.54314929e-07],\n",
      "       [-6.80298407e-03,  3.85125445e-04, -5.05027287e-03,\n",
      "        -1.30429710e-03,  2.01020068e-04, -1.57041809e-03,\n",
      "         6.68615197e-03,  0.00000000e+00,  0.00000000e+00],\n",
      "       [-4.60324266e-03,  2.60390368e-06, -5.36235125e-03,\n",
      "        -3.23408701e-06, -2.48175652e-03,  5.54314929e-07,\n",
      "         0.00000000e+00,  1.50000000e-02,  0.00000000e+00],\n",
      "       [ 4.60324266e-03, -2.60390368e-06,  5.36235125e-03,\n",
      "         3.23408701e-06,  2.48175652e-03, -5.54314929e-07,\n",
      "         0.00000000e+00,  0.00000000e+00,  1.50000000e-02]]), 'M(q)^{-1}': array([[ 3.75583733e+00,  5.12698859e-02, -1.69180841e+00,\n",
      "         1.02883624e-01, -2.82279633e+00, -1.82873341e-01,\n",
      "         2.60261867e+00,  8.07844701e-02, -8.07844701e-02],\n",
      "       [ 5.12698859e-02,  1.03316655e+00,  2.27632070e-02,\n",
      "         9.60786219e-01, -2.78161180e-01, -1.49274631e+00,\n",
      "        -1.44974158e-01, -2.20674556e-02,  2.20674556e-02],\n",
      "       [-1.69180841e+00,  2.27632070e-02,  1.84794907e+00,\n",
      "         5.99137740e-02,  3.44656875e-02, -1.02887821e-01,\n",
      "        -3.40378912e-01,  1.47151621e-01, -1.47151621e-01],\n",
      "       [ 1.02883624e-01,  9.60786219e-01,  5.99137740e-02,\n",
      "         2.46694948e+00, -1.16352433e+00, -5.13209184e+00,\n",
      "        -5.94591590e-01, -1.38959051e-01,  1.38959051e-01],\n",
      "       [-2.82279633e+00, -2.78161180e-01,  3.44656875e-02,\n",
      "        -1.16352433e+00,  2.74604733e+01,  2.12384541e+00,\n",
      "        -3.38380175e+00,  3.68911957e+00, -3.68911957e+00],\n",
      "       [-1.82873341e-01, -1.49274631e+00, -1.02887821e-01,\n",
      "        -5.13209184e+00,  2.12384541e+00,  2.96283403e+01,\n",
      "         5.71619854e+00,  2.56546808e-01, -2.56546808e-01],\n",
      "       [ 2.60261867e+00, -1.44974158e-01, -3.40378912e-01,\n",
      "        -5.94591590e-01, -3.38380175e+00,  5.71619854e+00,\n",
      "         1.53290550e+02,  1.16851193e-01, -1.16851193e-01],\n",
      "       [ 8.07844701e-02, -2.20674556e-02,  1.47151621e-01,\n",
      "        -1.38959051e-01,  3.68911957e+00,  2.56546808e-01,\n",
      "         1.16851193e-01,  6.73543941e+01, -6.87727439e-01],\n",
      "       [-8.07844701e-02,  2.20674556e-02, -1.47151621e-01,\n",
      "         1.38959051e-01, -3.68911957e+00, -2.56546808e-01,\n",
      "        -1.16851193e-01, -6.87727439e-01,  6.73543941e+01]]), 'nle': array([ 6.74851543e-07, -4.00271083e+00, -6.49697656e-01,  2.20224209e+01,\n",
      "        6.34289076e-01,  2.27620060e+00,  3.61775256e-05, -4.16814034e-05,\n",
      "        4.16814034e-05]), 'G': array([ 5.55111512e-17, -4.00270939e+00, -6.49698583e-01,  2.20224216e+01,\n",
      "        6.34288955e-01,  2.27620081e+00,  3.61797345e-05, -4.16676985e-05,\n",
      "        4.16676985e-05]), 'R_LINK3': array([[ 7.07448630e-01, -1.56799466e-04, -7.06764750e-01],\n",
      "       [ 2.61556142e-04,  9.99999965e-01,  3.99539922e-05],\n",
      "       [ 7.06764719e-01, -2.13124058e-04,  7.07448646e-01]]), 'P_LINK3': array([-1.20856772e-01,  6.83213266e-06,  4.53973718e-01]), 'q_LINK3': array([-6.84755714e-05, -3.82460027e-01,  1.13194879e-04,  9.23972029e-01]), 'J_LINK3': array([[-1.26254615e-05,  2.23553772e-01,  0.00000000e+00,\n",
      "         0.00000000e+00,  0.00000000e+00,  0.00000000e+00,\n",
      "         0.00000000e+00,  0.00000000e+00,  0.00000000e+00],\n",
      "       [-2.23337661e-01, -1.26376784e-05,  0.00000000e+00,\n",
      "         0.00000000e+00,  0.00000000e+00,  0.00000000e+00,\n",
      "         0.00000000e+00,  0.00000000e+00,  0.00000000e+00],\n",
      "       [ 0.00000000e+00,  2.23337661e-01,  0.00000000e+00,\n",
      "         0.00000000e+00,  0.00000000e+00,  0.00000000e+00,\n",
      "         0.00000000e+00,  0.00000000e+00,  0.00000000e+00],\n",
      "       [ 0.00000000e+00,  5.65308217e-05, -7.06764750e-01,\n",
      "         0.00000000e+00,  0.00000000e+00,  0.00000000e+00,\n",
      "         0.00000000e+00,  0.00000000e+00,  0.00000000e+00],\n",
      "       [ 0.00000000e+00,  9.99999998e-01,  3.99539922e-05,\n",
      "         0.00000000e+00,  0.00000000e+00,  0.00000000e+00,\n",
      "         0.00000000e+00,  0.00000000e+00,  0.00000000e+00],\n",
      "       [ 1.00000000e+00,  2.22044605e-16,  7.07448646e-01,\n",
      "         0.00000000e+00,  0.00000000e+00,  0.00000000e+00,\n",
      "         0.00000000e+00,  0.00000000e+00,  0.00000000e+00]]), 'R_LINK4': array([[-5.91547674e-04,  9.99999813e-01,  1.56799466e-04],\n",
      "       [-2.13216778e-04,  1.56673362e-04, -9.99999965e-01],\n",
      "       [-9.99999802e-01, -5.91581085e-04,  2.13124058e-04]]), 'P_LINK4': array([-1.64973149e-01,  3.42038432e-05,  6.14861861e-01]), 'q_LINK4': array([-0.49975961, -0.50013376,  0.50016197, -0.49994456]), 'J_LINK4': array([[-3.42038432e-05,  2.81861861e-01, -1.29359560e-05,\n",
      "         0.00000000e+00,  0.00000000e+00,  0.00000000e+00,\n",
      "         0.00000000e+00,  0.00000000e+00,  0.00000000e+00],\n",
      "       [-1.64973149e-01, -1.59338826e-05,  8.24999971e-02,\n",
      "         0.00000000e+00,  0.00000000e+00,  0.00000000e+00,\n",
      "         0.00000000e+00,  0.00000000e+00,  0.00000000e+00],\n",
      "       [ 0.00000000e+00,  1.64973151e-01, -1.75827348e-05,\n",
      "         0.00000000e+00,  0.00000000e+00,  0.00000000e+00,\n",
      "         0.00000000e+00,  0.00000000e+00,  0.00000000e+00],\n",
      "       [ 0.00000000e+00,  5.65308217e-05, -7.06764750e-01,\n",
      "         1.56799466e-04,  0.00000000e+00,  0.00000000e+00,\n",
      "         0.00000000e+00,  0.00000000e+00,  0.00000000e+00],\n",
      "       [ 0.00000000e+00,  9.99999998e-01,  3.99539922e-05,\n",
      "        -9.99999965e-01,  0.00000000e+00,  0.00000000e+00,\n",
      "         0.00000000e+00,  0.00000000e+00,  0.00000000e+00],\n",
      "       [ 1.00000000e+00,  2.22044605e-16,  7.07448646e-01,\n",
      "         2.13124058e-04,  0.00000000e+00,  0.00000000e+00,\n",
      "         0.00000000e+00,  0.00000000e+00,  0.00000000e+00]]), 'R_LINK5_1': array([[-5.91625378e-04, -1.56506022e-04,  9.99999813e-01],\n",
      "       [ 2.82811853e-04,  9.99999948e-01,  1.56673362e-04],\n",
      "       [-9.99999785e-01,  2.82904492e-04, -5.91581085e-04]]), 'P_LINK5_1': array([-4.09243696e-02,  7.12217243e-05,  6.97288489e-01]), 'q_LINK5_1': array([4.46426519e-05, 7.07315904e-01, 1.55368292e-04, 7.06897578e-01]), 'J_LINK5_1': array([[-1.11956799e-04,  3.64134677e-01, -6.46550514e-05,\n",
      "        -8.22728302e-02,  0.00000000e+00,  0.00000000e+00,\n",
      "         0.00000000e+00,  0.00000000e+00,  0.00000000e+00],\n",
      "       [ 2.19075582e-01, -2.05848326e-05,  4.12342278e-01,\n",
      "         6.89496904e-05,  0.00000000e+00,  0.00000000e+00,\n",
      "         0.00000000e+00,  0.00000000e+00,  0.00000000e+00],\n",
      "       [ 0.00000000e+00, -2.19075575e-01, -8.78800628e-05,\n",
      "         3.84048730e-01,  0.00000000e+00,  0.00000000e+00,\n",
      "         0.00000000e+00,  0.00000000e+00,  0.00000000e+00],\n",
      "       [ 0.00000000e+00,  5.65308217e-05, -7.06764750e-01,\n",
      "         1.56799466e-04,  9.99999813e-01,  0.00000000e+00,\n",
      "         0.00000000e+00,  0.00000000e+00,  0.00000000e+00],\n",
      "       [ 0.00000000e+00,  9.99999998e-01,  3.99539922e-05,\n",
      "        -9.99999965e-01,  1.56673362e-04,  0.00000000e+00,\n",
      "         0.00000000e+00,  0.00000000e+00,  0.00000000e+00],\n",
      "       [ 1.00000000e+00,  2.22044605e-16,  7.07448646e-01,\n",
      "         2.13124058e-04, -5.91581085e-04,  0.00000000e+00,\n",
      "         0.00000000e+00,  0.00000000e+00,  0.00000000e+00]]), 'R_LINK5_2': array([[-5.91625378e-04, -1.56506022e-04,  9.99999813e-01],\n",
      "       [ 2.82811853e-04,  9.99999948e-01,  1.56673362e-04],\n",
      "       [-9.99999785e-01,  2.82904492e-04, -5.91581085e-04]]), 'P_LINK5_2': array([0.08906309, 0.08009159, 0.69723422]), 'q_LINK5_2': array([4.46426519e-05, 7.07315904e-01, 1.55368292e-04, 7.06897578e-01]), 'J_LINK5_2': array([[-1.11956799e-04,  3.64134677e-01, -6.46550514e-05,\n",
      "        -8.22728302e-02,  0.00000000e+00,  0.00000000e+00,\n",
      "         0.00000000e+00,  0.00000000e+00,  0.00000000e+00],\n",
      "       [ 2.19075582e-01, -2.05848326e-05,  4.12342278e-01,\n",
      "         6.89496904e-05,  0.00000000e+00,  0.00000000e+00,\n",
      "         0.00000000e+00,  0.00000000e+00,  0.00000000e+00],\n",
      "       [ 0.00000000e+00, -2.19075575e-01, -8.78800628e-05,\n",
      "         3.84048730e-01,  0.00000000e+00,  0.00000000e+00,\n",
      "         0.00000000e+00,  0.00000000e+00,  0.00000000e+00],\n",
      "       [ 0.00000000e+00,  5.65308217e-05, -7.06764750e-01,\n",
      "         1.56799466e-04,  9.99999813e-01,  0.00000000e+00,\n",
      "         0.00000000e+00,  0.00000000e+00,  0.00000000e+00],\n",
      "       [ 0.00000000e+00,  9.99999998e-01,  3.99539922e-05,\n",
      "        -9.99999965e-01,  1.56673362e-04,  0.00000000e+00,\n",
      "         0.00000000e+00,  0.00000000e+00,  0.00000000e+00],\n",
      "       [ 1.00000000e+00,  2.22044605e-16,  7.07448646e-01,\n",
      "         2.13124058e-04, -5.91581085e-04,  0.00000000e+00,\n",
      "         0.00000000e+00,  0.00000000e+00,  0.00000000e+00]]), 'R_LINK6': array([[ 9.99999309e-01,  1.16510429e-03,  1.56506022e-04],\n",
      "       [ 1.56835523e-04, -2.82721958e-04, -9.99999948e-01],\n",
      "       [-1.16505998e-03,  9.99999281e-01, -2.82904492e-04]]), 'P_LINK6': array([0.21907089, 0.03011196, 0.69714317]), 'q_LINK6': array([ 7.07206642e-01,  4.67310307e-04, -3.56527321e-04,  7.07006662e-01]), 'J_LINK6': array([[-1.11956799e-04,  3.64134677e-01, -6.46550514e-05,\n",
      "        -8.22728302e-02,  0.00000000e+00,  0.00000000e+00,\n",
      "         0.00000000e+00,  0.00000000e+00,  0.00000000e+00],\n",
      "       [ 2.19075582e-01, -2.05848326e-05,  4.12342278e-01,\n",
      "         6.89496904e-05,  0.00000000e+00,  0.00000000e+00,\n",
      "         0.00000000e+00,  0.00000000e+00,  0.00000000e+00],\n",
      "       [ 0.00000000e+00, -2.19075575e-01, -8.78800628e-05,\n",
      "         3.84048730e-01,  0.00000000e+00,  0.00000000e+00,\n",
      "         0.00000000e+00,  0.00000000e+00,  0.00000000e+00],\n",
      "       [ 0.00000000e+00,  5.65308217e-05, -7.06764750e-01,\n",
      "         1.56799466e-04,  9.99999813e-01,  1.56506022e-04,\n",
      "         0.00000000e+00,  0.00000000e+00,  0.00000000e+00],\n",
      "       [ 0.00000000e+00,  9.99999998e-01,  3.99539922e-05,\n",
      "        -9.99999965e-01,  1.56673362e-04, -9.99999948e-01,\n",
      "         0.00000000e+00,  0.00000000e+00,  0.00000000e+00],\n",
      "       [ 1.00000000e+00,  2.22044605e-16,  7.07448646e-01,\n",
      "         2.13124058e-04, -5.91581085e-04, -2.82904492e-04,\n",
      "         0.00000000e+00,  0.00000000e+00,  0.00000000e+00]]), 'R_LINK7': array([[ 7.07374901e-01, -7.06837599e-01, -1.16510429e-03],\n",
      "       [-7.06837818e-01, -7.07375586e-01,  2.82721958e-04],\n",
      "       [-1.02400484e-03,  6.23549356e-04, -9.99999281e-01]]), 'P_LINK7': array([3.07063870e-01, 1.28585544e-04, 6.87032160e-01]), 'q_LINK7': array([ 9.23952078e-01, -3.82507776e-01, -5.92322151e-04,  9.22199879e-05]), 'J_LINK7': array([[-1.25758325e-04,  3.64032152e-01, -7.44230186e-05,\n",
      "        -8.21703079e-02, -7.89825831e-09,  1.02529177e-04,\n",
      "         0.00000000e+00,  0.00000000e+00,  0.00000000e+00],\n",
      "       [ 3.07075521e-01, -2.05790367e-05,  4.74525255e-01,\n",
      "         8.77206704e-05,  5.04661595e-05, -2.48795323e-05,\n",
      "         0.00000000e+00,  0.00000000e+00,  0.00000000e+00],\n",
      "       [ 0.00000000e+00, -3.07075513e-01, -1.01150444e-04,\n",
      "         4.72048668e-01,  1.42771040e-08,  8.79999368e-02,\n",
      "         0.00000000e+00,  0.00000000e+00,  0.00000000e+00],\n",
      "       [ 0.00000000e+00,  5.65308217e-05, -7.06764750e-01,\n",
      "         1.56799466e-04,  9.99999813e-01,  1.56506022e-04,\n",
      "        -1.16510429e-03,  0.00000000e+00,  0.00000000e+00],\n",
      "       [ 0.00000000e+00,  9.99999998e-01,  3.99539922e-05,\n",
      "        -9.99999965e-01,  1.56673362e-04, -9.99999948e-01,\n",
      "         2.82721958e-04,  0.00000000e+00,  0.00000000e+00],\n",
      "       [ 1.00000000e+00,  2.22044605e-16,  7.07448646e-01,\n",
      "         2.13124058e-04, -5.91581085e-04, -2.82904492e-04,\n",
      "        -9.99999281e-01,  0.00000000e+00,  0.00000000e+00]]), 'R_HAND': array([[ 9.99999249e-01,  3.79929858e-04, -1.16510429e-03],\n",
      "       [ 3.80259502e-04, -9.99999888e-01,  2.82721958e-04],\n",
      "       [-1.16499674e-03, -2.83164788e-04, -9.99999281e-01]]), 'P_HAND': array([3.06880948e-01, 1.72972892e-04, 5.30032273e-01]), 'q_HAND': array([ 9.99999802e-01,  1.90047377e-04, -5.82525373e-04, -1.41471714e-04]), 'J_HAND': array([[-1.85243025e-04,  1.53632304e-01, -1.24911703e-04,\n",
      "         1.28229521e-01, -3.29367600e-05,  2.10502384e-01,\n",
      "         0.00000000e+00,  0.00000000e+00,  0.00000000e+00],\n",
      "       [ 3.06830383e-01, -8.68496038e-06,  3.25648636e-01,\n",
      "         1.20659010e-04,  2.10450421e-01,  8.11866179e-06,\n",
      "         0.00000000e+00,  0.00000000e+00,  0.00000000e+00],\n",
      "       [ 0.00000000e+00, -3.06830372e-01, -1.43182339e-04,\n",
      "         4.71803539e-01,  5.95373725e-05,  8.77548081e-02,\n",
      "         0.00000000e+00,  0.00000000e+00,  0.00000000e+00],\n",
      "       [ 0.00000000e+00,  5.65308217e-05, -7.06764750e-01,\n",
      "         1.56799466e-04,  9.99999813e-01,  1.56506022e-04,\n",
      "        -1.16510429e-03,  0.00000000e+00,  0.00000000e+00],\n",
      "       [ 0.00000000e+00,  9.99999998e-01,  3.99539922e-05,\n",
      "        -9.99999965e-01,  1.56673362e-04, -9.99999948e-01,\n",
      "         2.82721958e-04,  0.00000000e+00,  0.00000000e+00],\n",
      "       [ 1.00000000e+00,  2.22044605e-16,  7.07448646e-01,\n",
      "         2.13124058e-04, -5.91581085e-04, -2.82904492e-04,\n",
      "        -9.99999281e-01,  0.00000000e+00,  0.00000000e+00]]), 'pJ_HAND': array([[-6.83270598e-04,  6.43335312e-01, -1.64653325e-04,\n",
      "         1.02443790e-01, -4.83172384e-05,  2.82200228e-01],\n",
      "       [ 3.15255297e+00,  7.21004491e-04,  6.75355445e-01,\n",
      "        -1.54371589e-04,  7.22885583e-01,  2.60197220e-04],\n",
      "       [ 3.17488297e-04,  1.69092587e+00, -5.37976186e-04,\n",
      "        -5.09751715e-01, -1.03974455e-04, -1.82087490e-01],\n",
      "       [ 1.79833272e+00,  6.79011085e-04,  2.98908375e+00,\n",
      "        -3.78767895e-04,  6.40859717e-01,  1.61636105e-04],\n",
      "       [-4.48282089e-04,  1.19722923e+00, -5.24105482e-04,\n",
      "         6.39424361e-01, -7.08490327e-05, -1.29679366e-01],\n",
      "       [ 1.35422020e+00,  8.17015992e-04, -2.31372821e+00,\n",
      "         2.31110437e-04, -9.17974098e-01, -1.68367079e-04],\n",
      "       [-4.58246078e-04,  1.83887151e+00,  7.46676504e-04,\n",
      "        -2.58557974e-01,  2.74449904e-04, -8.46541131e-01],\n",
      "       [ 0.00000000e+00,  0.00000000e+00,  0.00000000e+00,\n",
      "         0.00000000e+00,  0.00000000e+00,  0.00000000e+00],\n",
      "       [ 0.00000000e+00,  0.00000000e+00,  0.00000000e+00,\n",
      "         0.00000000e+00,  0.00000000e+00,  0.00000000e+00]]), 'R_EE': array([[ 9.99999249e-01,  3.79929858e-04, -1.16510429e-03],\n",
      "       [ 3.80259502e-04, -9.99999888e-01,  2.82721958e-04],\n",
      "       [-1.16499674e-03, -2.83164788e-04, -9.99999281e-01]]), 'P_EE': array([3.06830383e-01, 1.85243025e-04, 4.86632304e-01]), 'J_EE': array([[-1.85243025e-04,  1.53632304e-01, -1.24911703e-04,\n",
      "         1.28229521e-01, -3.29367600e-05,  2.10502384e-01,\n",
      "         0.00000000e+00,  0.00000000e+00,  0.00000000e+00],\n",
      "       [ 3.06830383e-01, -8.68496038e-06,  3.25648636e-01,\n",
      "         1.20659010e-04,  2.10450421e-01,  8.11866179e-06,\n",
      "         0.00000000e+00,  0.00000000e+00,  0.00000000e+00],\n",
      "       [ 0.00000000e+00, -3.06830372e-01, -1.43182339e-04,\n",
      "         4.71803539e-01,  5.95373725e-05,  8.77548081e-02,\n",
      "         0.00000000e+00,  0.00000000e+00,  0.00000000e+00],\n",
      "       [ 0.00000000e+00,  5.65308217e-05, -7.06764750e-01,\n",
      "         1.56799466e-04,  9.99999813e-01,  1.56506022e-04,\n",
      "        -1.16510429e-03,  0.00000000e+00,  0.00000000e+00],\n",
      "       [ 0.00000000e+00,  9.99999998e-01,  3.99539922e-05,\n",
      "        -9.99999965e-01,  1.56673362e-04, -9.99999948e-01,\n",
      "         2.82721958e-04,  0.00000000e+00,  0.00000000e+00],\n",
      "       [ 1.00000000e+00,  2.22044605e-16,  7.07448646e-01,\n",
      "         2.13124058e-04, -5.91581085e-04, -2.82904492e-04,\n",
      "        -9.99999281e-01,  0.00000000e+00,  0.00000000e+00]]), 'dJ_EE': array([[0., 0., 0., 0., 0., 0., 0., 0., 0.],\n",
      "       [0., 0., 0., 0., 0., 0., 0., 0., 0.],\n",
      "       [0., 0., 0., 0., 0., 0., 0., 0., 0.],\n",
      "       [0., 0., 0., 0., 0., 0., 0., 0., 0.],\n",
      "       [0., 0., 0., 0., 0., 0., 0., 0., 0.],\n",
      "       [0., 0., 0., 0., 0., 0., 0., 0., 0.]]), 'pJ_EE': array([[-6.83270598e-04,  6.43335312e-01, -1.64653325e-04,\n",
      "         1.02443790e-01, -4.83172384e-05,  2.82200228e-01],\n",
      "       [ 3.15255297e+00,  7.21004491e-04,  6.75355445e-01,\n",
      "        -1.54371589e-04,  7.22885583e-01,  2.60197220e-04],\n",
      "       [ 3.17488297e-04,  1.69092587e+00, -5.37976186e-04,\n",
      "        -5.09751715e-01, -1.03974455e-04, -1.82087490e-01],\n",
      "       [ 1.79833272e+00,  6.79011085e-04,  2.98908375e+00,\n",
      "        -3.78767895e-04,  6.40859717e-01,  1.61636105e-04],\n",
      "       [-4.48282089e-04,  1.19722923e+00, -5.24105482e-04,\n",
      "         6.39424361e-01, -7.08490327e-05, -1.29679366e-01],\n",
      "       [ 1.35422020e+00,  8.17015992e-04, -2.31372821e+00,\n",
      "         2.31110437e-04, -9.17974098e-01, -1.68367079e-04],\n",
      "       [-4.58246078e-04,  1.83887151e+00,  7.46676504e-04,\n",
      "        -2.58557974e-01,  2.74449904e-04, -8.46541131e-01],\n",
      "       [ 0.00000000e+00,  0.00000000e+00,  0.00000000e+00,\n",
      "         0.00000000e+00,  0.00000000e+00,  0.00000000e+00],\n",
      "       [ 0.00000000e+00,  0.00000000e+00,  0.00000000e+00,\n",
      "         0.00000000e+00,  0.00000000e+00,  0.00000000e+00]])}\n",
      "[[ 9.99999249e-01  3.79929858e-04 -1.16510429e-03  3.06880948e-01]\n",
      " [ 3.80259502e-04 -9.99999888e-01  2.82721958e-04  1.72972892e-04]\n",
      " [-1.16499674e-03 -2.83164788e-04 -9.99999281e-01  5.30032273e-01]\n",
      " [ 0.00000000e+00  0.00000000e+00  0.00000000e+00  1.00000000e+00]]\n"
     ]
    }
   ],
   "source": [
    "import numpy as np\n",
    "def getHandPose(robot):\n",
    "        state = robot.getStates()\n",
    "\n",
    "        if state is not None:\n",
    "            q, dq = state['q'], state['dq']\n",
    "            print(q)\n",
    "            info = model.getInfo(np.hstack([q, np.zeros(2)]), np.hstack([dq, np.zeros(2)]))\n",
    "            print(info)\n",
    "            R, t = info['R_HAND'], info['P_HAND']\n",
    "\n",
    "            base_T_hand = np.vstack([np.hstack([R, t.reshape(3,1)]),\n",
    "                                    np.array([0,0,0,1])])\n",
    "            return base_T_hand\n",
    "        else:\n",
    "            return None\n",
    "base_T_hand = getHandPose(robot)\n",
    "\n",
    "print(base_T_hand)"
   ]
  },
  {
   "cell_type": "code",
   "execution_count": null,
   "metadata": {},
   "outputs": [],
   "source": []
  },
  {
   "cell_type": "code",
   "execution_count": null,
   "metadata": {},
   "outputs": [],
   "source": []
  }
 ],
 "metadata": {
  "kernelspec": {
   "display_name": "anygrasp-env2",
   "language": "python",
   "name": "python3"
  },
  "language_info": {
   "codemirror_mode": {
    "name": "ipython",
    "version": 3
   },
   "file_extension": ".py",
   "mimetype": "text/x-python",
   "name": "python",
   "nbconvert_exporter": "python",
   "pygments_lexer": "ipython3",
   "version": "3.8.18"
  }
 },
 "nbformat": 4,
 "nbformat_minor": 2
}
